    dgrf00 
 13  6371.2 2000.0
 1  0 -29619.40      0.00      0.00      0.00                       DGRF2000   1
 1  1  -1728.20   5186.10      0.00      0.00                       DGRF2000   2
 2  0  -2267.70      0.00      0.00      0.00                       DGRF2000   3
 2  1   3068.40  -2481.60      0.00      0.00                       DGRF2000   4
 2  2   1670.90   -458.00      0.00      0.00                       DGRF2000   5
 3  0   1339.60      0.00      0.00      0.00                       DGRF2000   6
 3  1  -2288.00   -227.60      0.00      0.00                       DGRF2000   7
 3  2   1252.10    293.40      0.00      0.00                       DGRF2000   8
 3  3    714.50   -491.10      0.00      0.00                       DGRF2000   9
 4  0    932.30      0.00      0.00      0.00                       DGRF2000  10
 4  1    786.80    272.60      0.00      0.00                       DGRF2000  11
 4  2    250.00   -231.90      0.00      0.00                       DGRF2000  12
 4  3   -403.00    119.80      0.00      0.00                       DGRF2000  13
 4  4    111.30   -303.80      0.00      0.00                       DGRF2000  14
 5  0   -218.80      0.00      0.00      0.00                       DGRF2000  15
 5  1    351.40     43.80      0.00      0.00                       DGRF2000  16
 5  2    222.30    171.90      0.00      0.00                       DGRF2000  17
 5  3   -130.40   -133.10      0.00      0.00                       DGRF2000  18
 5  4   -168.60    -39.30      0.00      0.00                       DGRF2000  19
 5  5    -12.90    106.30      0.00      0.00                       DGRF2000  20
 6  0     72.30      0.00      0.00      0.00                       DGRF2000  21
 6  1     68.20    -17.40      0.00      0.00                       DGRF2000  22
 6  2     74.20     63.70      0.00      0.00                       DGRF2000  23
 6  3   -160.90     65.10      0.00      0.00                       DGRF2000  24
 6  4     -5.90    -61.20      0.00      0.00                       DGRF2000  25
 6  5     16.90      0.70      0.00      0.00                       DGRF2000  26
 6  6    -90.40     43.80      0.00      0.00                       DGRF2000  27
 7  0     79.00      0.00      0.00      0.00                       DGRF2000  28
 7  1    -74.00    -64.60      0.00      0.00                       DGRF2000  29
 7  2      0.00    -24.20      0.00      0.00                       DGRF2000  30
 7  3     33.30      6.20      0.00      0.00                       DGRF2000  31
 7  4      9.10     24.00      0.00      0.00                       DGRF2000  32
 7  5      6.90     14.80      0.00      0.00                       DGRF2000  33
 7  6      7.30    -25.40      0.00      0.00                       DGRF2000  34
 7  7     -1.20     -5.80      0.00      0.00                       DGRF2000  35
 8  0     24.40      0.00      0.00      0.00                       DGRF2000  36
 8  1      6.60     11.90      0.00      0.00                       DGRF2000  37
 8  2     -9.20    -21.50      0.00      0.00                       DGRF2000  38
 8  3     -7.90      8.50      0.00      0.00                       DGRF2000  39
 8  4    -16.60    -21.50      0.00      0.00                       DGRF2000  40
 8  5      9.10     15.50      0.00      0.00                       DGRF2000  41
 8  6      7.00      8.90      0.00      0.00                       DGRF2000  42
 8  7     -7.90    -14.90      0.00      0.00                       DGRF2000  43
 8  8     -7.00     -2.10      0.00      0.00                       DGRF2000  44
 9  0      5.00      0.00      0.00      0.00                       DGRF2000  45
 9  1      9.40    -19.70      0.00      0.00                       DGRF2000  46
 9  2      3.00     13.40      0.00      0.00                       DGRF2000  47
 9  3     -8.40     12.50      0.00      0.00                       DGRF2000  48
 9  4      6.30     -6.20      0.00      0.00                       DGRF2000  49
 9  5     -8.90     -8.40      0.00      0.00                       DGRF2000  50
 9  6     -1.50      8.40      0.00      0.00                       DGRF2000  51
 9  7      9.30      3.80      0.00      0.00                       DGRF2000  52
 9  8     -4.30     -8.20      0.00      0.00                       DGRF2000  53
 9  9     -8.20      4.80      0.00      0.00                       DGRF2000  54
10  0     -2.60      0.00      0.00      0.00                       DGRF2000  55
10  1     -6.00      1.70      0.00      0.00                       DGRF2000  56
10  2      1.70      0.00      0.00      0.00                       DGRF2000  57
10  3     -3.10      4.00      0.00      0.00                       DGRF2000  58
10  4     -0.50      4.90      0.00      0.00                       DGRF2000  59
10  5      3.70     -5.90      0.00      0.00                       DGRF2000  60
10  6      1.00     -1.20      0.00      0.00                       DGRF2000  61
10  7      2.00     -2.90      0.00      0.00                       DGRF2000  62
10  8      4.20      0.20      0.00      0.00                       DGRF2000  63
10  9      0.30     -2.20      0.00      0.00                       DGRF2000  64
10 10     -1.10     -7.40      0.00      0.00                       DGRF2000  65
11  0      2.70      0.00      0.00      0.00                       DGRF2000  66
11  1     -1.70      0.10      0.00      0.00                       DGRF2000  67
11  2     -1.90      1.30      0.00      0.00                       DGRF2000  68
11  3      1.50     -0.90      0.00      0.00                       DGRF2000  69
11  4     -0.10     -2.60      0.00      0.00                       DGRF2000  70
11  5      0.10      0.90      0.00      0.00                       DGRF2000  71
11  6     -0.70     -0.70      0.00      0.00                       DGRF2000  72
11  7      0.70     -2.80      0.00      0.00                       DGRF2000  73
11  8      1.70     -0.90      0.00      0.00                       DGRF2000  74
11  9      0.10     -1.20      0.00      0.00                       DGRF2000  75
11 10      1.20     -1.90      0.00      0.00                       DGRF2000  76
11 11      4.00     -0.90      0.00      0.00                       DGRF2000  77
12  0     -2.20      0.00      0.00      0.00                       DGRF2000  78
12  1     -0.30     -0.40      0.00      0.00                       DGRF2000  79
12  2      0.20      0.30      0.00      0.00                       DGRF2000  80
12  3      0.90      2.50      0.00      0.00                       DGRF2000  81
12  4     -0.20     -2.60      0.00      0.00                       DGRF2000  82
12  5      0.90      0.70      0.00      0.00                       DGRF2000  83
12  6     -0.50      0.30      0.00      0.00                       DGRF2000  84
12  7      0.30      0.00      0.00      0.00                       DGRF2000  85
12  8     -0.30      0.00      0.00      0.00                       DGRF2000  86
12  9     -0.40      0.30      0.00      0.00                       DGRF2000  87
12 10     -0.10     -0.90      0.00      0.00                       DGRF2000  88
12 11     -0.20     -0.40      0.00      0.00                       DGRF2000  89
12 12     -0.40      0.80      0.00      0.00                       DGRF2000  90
13  0     -0.20      0.00      0.00      0.00                       DGRF2000  91
13  1     -0.90     -0.90      0.00      0.00                       DGRF2000  92
13  2      0.30      0.20      0.00      0.00                       DGRF2000  93
13  3      0.10      1.80      0.00      0.00                       DGRF2000  94
13  4     -0.40     -0.40      0.00      0.00                       DGRF2000  95
13  5      1.30     -1.00      0.00      0.00                       DGRF2000  96
13  6     -0.40     -0.10      0.00      0.00                       DGRF2000  97
13  7      0.70      0.70      0.00      0.00                       DGRF2000  98
13  8     -0.40      0.30      0.00      0.00                       DGRF2000  99
13  9      0.30      0.60      0.00      0.00                       DGRF2000 100
13 10     -0.10      0.30      0.00      0.00                       DGRF2000 101
13 11      0.40     -0.20      0.00      0.00                       DGRF2000 102
13 12      0.00     -0.50      0.00      0.00                       DGRF2000 103
13 13      0.10     -0.90      0.00      0.00                       DGRF2000 104
