 igrf50
  8  6371.2 1950.0
   1  0  -30571.       0.
   1  1   -2241.    5807.
   2  0   -1330.       0.
   2  1    2978.   -1813.
   2  2    1579.     388.
   3  0    1293.       0.
   3  1   -1878.    -485.
   3  2    1271.     228.
   3  3     890.     -67.
   4  0     975.       0.
   4  1     795.     171.
   4  2     532.    -306.
   4  3    -402.     -51.
   4  4     310.    -184.
   5  0    -255.       0.
   5  1     355.      -8.
   5  2     201.     101.
   5  3      -3.     -95.
   5  4    -160.    -100.
   5  5     -76.      73.
   6  0      57.       0.
   6  1      50.      -1.
   6  2      15.     100.
   6  3    -261.      52.
   6  4       8.      -7.
   6  5       8.     -17.
   6  6    -108.     -21.
   7  0      67.       0.
   7  1     -48.     -44.
   7  2      -3.     -18.
   7  3      16.      -6.
   7  4     -38.      -8.
   7  5       1.      32.
   7  6       9.     -18.
   7  7      11.     -22.
   8  0      16.       0.
   8  1       4.       2.
   8  2      -8.      -2.
   8  3     -31.      -3.
   8  4      15.      -7.
   8  5       8.       6.
   8  6     -17.      27.
   8  7       7.      -6.
   8  8      13.     -22.
