 igrf45
  8  6371.2 1945.0
   1  0  -30634.       0.
   1  1   -2240.    5806.
   2  0   -1215.       0.
   2  1    2972.   -1700.
   2  2    1588.     497.
   3  0    1274.       0.
   3  1   -1833.    -512.
   3  2    1225.     185.
   3  3     926.      -5.
   4  0     980.       0.
   4  1     771.     155.
   4  2     544.    -280.
   4  3    -408.     -68.
   4  4     300.    -158.
   5  0    -286.       0.
   5  1     341.     -14.
   5  2     207.      80.
   5  3     -25.     -65.
   5  4    -156.    -114.
   5  5     -88.      83.
   6  0      68.       0.
   6  1      67.       9.
   6  2       6.     118.
   6  3    -244.      18.
   6  4     -12.      -9.
   6  5      14.     -12.
   6  6    -100.     -42.
   7  0      72.       0.
   7  1     -61.     -42.
   7  2       6.     -39.
   7  3       6.       2.
   7  4     -44.      -1.
   7  5      -2.      25.
   7  6      18.     -19.
   7  7      27.     -23.
   8  0      15.       0.
   8  1       5.      -7.
   8  2     -12.       9.
   8  3     -21.       0.
   8  4      18.     -13.
   8  5      16.       5.
   8  6     -14.      26.
   8  7       1.       1.
   8  8      10.     -19.
