 igrf55
  8  6371.2 1955.0
   1  0  -30507.       0.
   1  1   -2134.    5796.
   2  0   -1432.       0.
   2  1    2995.   -1896.
   2  2    1567.     263.
   3  0    1308.       0.
   3  1   -1955.    -487.
   3  2    1293.     235.
   3  3     897.     -73.
   4  0     964.       0.
   4  1     794.     167.
   4  2     510.    -275.
   4  3    -392.     -44.
   4  4     292.    -249.
   5  0    -232.       0.
   5  1     360.      14.
   5  2     237.     111.
   5  3     -13.     -90.
   5  4    -176.    -111.
   5  5     -68.      77.
   6  0      47.       0.
   6  1      57.      -7.
   6  2       4.     101.
   6  3    -250.      46.
   6  4      12.     -16.
   6  5      13.      -6.
   6  6    -105.     -21.
   7  0      80.       0.
   7  1     -66.     -52.
   7  2       2.     -37.
   7  3       4.       6.
   7  4     -46.      -1.
   7  5     -15.      29.
   7  6       8.     -20.
   7  7      14.     -12.
   8  0       5.       0.
   8  1      17.      12.
   8  2      -3.       1.
   8  3     -30.      10.
   8  4      14.     -20.
   8  5      27.       5.
   8  6     -15.      34.
   8  7       1.       4.
   8  8      12.     -19.
