 igrf60
 10  6371.2 1960.0
   1  0  -30411.       0.
   1  1   -2162.    5780.
   2  0   -1546.       0.
   2  1    3007.   -1948.
   2  2    1572.     209.
   3  0    1307.       0.
   3  1   -1987.    -421.
   3  2    1288.     230.
   3  3     879.    -130.
   4  0     962.       0.
   4  1     804.     150.
   4  2     492.    -272.
   4  3    -392.       1.
   4  4     267.    -254.
   5  0    -236.       0.
   5  1     358.      12.
   5  2     229.     121.
   5  3     -34.    -115.
   5  4    -153.    -106.
   5  5     -64.      83.
   6  0      47.       0.
   6  1      56.     -13.
   6  2      -3.     106.
   6  3    -241.      55.
   6  4       3.     -26.
   6  5       4.     -10.
   6  6    -108.     -16.
   7  0      72.       0.
   7  1     -52.     -53.
   7  2       4.     -25.
   7  3      11.      -8.
   7  4     -20.       3.
   7  5      -4.      28.
   7  6      15.     -16.
   7  7       6.     -18.
   8  0       6.       0.
   8  1       4.       7.
   8  2      -3.     -16.
   8  3     -13.       5.
   8  4      -5.     -19.
   8  5      10.       5.
   8  6      -6.      23.
   8  7      15.      -2.
   8  8       5.     -18.
   9  0      13.       0.
   9  1       5.     -22.
   9  2       4.      14.
   9  3     -12.       5.
   9  4      14.      -5.
   9  5       5.       0.
   9  6      -2.      11.
   9  7       0.      10.
   9  8       0.       2.
   9  9      -1.      -2.
  10  0      -5.       0.
  10  1      -2.       3.
  10  2       0.       0.
  10  3      -5.       4.
  10  4      -2.       3.
  10  5       8.      -4.
  10  6       3.      -2.
  10  7       0.      -3.
  10  8       1.       5.
  10  9       0.       3.
  10 10      -1.      -3.
