    igrf10s
 13  6371.2 2015.0
 1  0     11.40      0.00                       IGRF2010   1
 1  1     16.70    -28.80                       IGRF2010   2
 2  0    -11.30      0.00                       IGRF2010   3
 2  1     -3.90    -23.00                       IGRF2010   4
 2  2      2.70    -12.90                       IGRF2010   5
 3  0      1.30      0.00                       IGRF2010   6
 3  1     -3.90      8.60                       IGRF2010   7
 3  2     -2.90     -2.90                       IGRF2010   8
 3  3     -8.10     -2.10                       IGRF2010   9
 4  0     -1.40      0.00                       IGRF2010  10
 4  1      2.00      0.40                       IGRF2010  11
 4  2     -8.90      3.20                       IGRF2010  12
 4  3      4.40      3.60                       IGRF2010  13
 4  4     -2.30     -0.80                       IGRF2010  14
 5  0     -0.50      0.00                       IGRF2010  15
 5  1      0.50      0.50                       IGRF2010  16
 5  2     -1.50      1.50                       IGRF2010  17
 5  3     -0.70      0.90                       IGRF2010  18
 5  4      1.30      3.70                       IGRF2010  19
 5  5      1.40     -0.60                       IGRF2010  20
 6  0     -0.30      0.00                       IGRF2010  21
 6  1     -0.30     -0.10                       IGRF2010  22
 6  2     -0.30     -2.10                       IGRF2010  23
 6  3      1.90     -0.40                       IGRF2010  24
 6  4     -1.60     -0.50                       IGRF2010  25
 6  5     -0.20      0.80                       IGRF2010  26
 6  6      1.80      0.50                       IGRF2010  27
 7  0      0.20      0.00                       IGRF2010  28
 7  1     -0.10      0.60                       IGRF2010  29
 7  2     -0.60      0.30                       IGRF2010  30
 7  3      1.40     -0.20                       IGRF2010  31
 7  4      0.30     -0.10                       IGRF2010  32
 7  5      0.10     -0.80                       IGRF2010  33
 7  6     -0.80     -0.30                       IGRF2010  34
 7  7      0.40      0.20                       IGRF2010  35
 8  0     -0.10      0.00                       IGRF2010  36
 8  1      0.10      0.00                       IGRF2010  37
 8  2     -0.50      0.20                       IGRF2010  38
 8  3      0.30      0.50                       IGRF2010  39
 8  4     -0.30      0.40                       IGRF2010  40
 8  5      0.30      0.10                       IGRF2010  41
 8  6      0.20     -0.10                       IGRF2010  42
 8  7     -0.50      0.40                       IGRF2010  43
 8  8      0.20      0.40                       IGRF2010  44
 9  0      0.00      0.00                       IGRF2010  45
 9  1      0.00      0.00                       IGRF2010  46
 9  2      0.00      0.00                       IGRF2010  47
 9  3      0.00      0.00                       IGRF2010  48
 9  4      0.00      0.00                       IGRF2010  49
 9  5      0.00      0.00                       IGRF2010  50
 9  6      0.00      0.00                       IGRF2010  51
 9  7      0.00      0.00                       IGRF2010  52
 9  8      0.00      0.00                       IGRF2010  53
 9  9      0.00      0.00                       IGRF2010  54
10  0      0.00      0.00                       IGRF2010  55
10  1      0.00      0.00                       IGRF2010  56
10  2      0.00      0.00                       IGRF2010  57
10  3      0.00      0.00                       IGRF2010  58
10  4      0.00      0.00                       IGRF2010  59
10  5      0.00      0.00                       IGRF2010  60
10  6      0.00      0.00                       IGRF2010  61
10  7      0.00      0.00                       IGRF2010  62
10  8      0.00      0.00                       IGRF2010  63
10  9      0.00      0.00                       IGRF2010  64
10 10      0.00      0.00                       IGRF2010  65
11  0      0.00      0.00                       IGRF2010  66
11  1      0.00      0.00                       IGRF2010  67
11  2      0.00      0.00                       IGRF2010  68
11  3      0.00      0.00                       IGRF2010  69
11  4      0.00      0.00                       IGRF2010  70
11  5      0.00      0.00                       IGRF2010  71
11  6      0.00      0.00                       IGRF2010  72
11  7      0.00      0.00                       IGRF2010  73
11  8      0.00      0.00                       IGRF2010  74
11  9      0.00      0.00                       IGRF2010  75
11 10      0.00      0.00                       IGRF2010  76
11 11      0.00      0.00                       IGRF2010  77
12  0      0.00      0.00                       IGRF2010  78
12  1      0.00      0.00                       IGRF2010  79
12  2      0.00      0.00                       IGRF2010  80
12  3      0.00      0.00                       IGRF2010  81
12  4      0.00      0.00                       IGRF2010  82
12  5      0.00      0.00                       IGRF2010  83
12  6      0.00      0.00                       IGRF2010  84
12  7      0.00      0.00                       IGRF2010  85
12  8      0.00      0.00                       IGRF2010  86
12  9      0.00      0.00                       IGRF2010  87
12 10      0.00      0.00                       IGRF2010  88
12 11      0.00      0.00                       IGRF2010  89
12 12      0.00      0.00                       IGRF2010  90
13  0      0.00      0.00                       IGRF2010  91
13  1      0.00      0.00                       IGRF2010  92
13  2      0.00      0.00                       IGRF2010  93
13  3      0.00      0.00                       IGRF2010  94
13  4      0.00      0.00                       IGRF2010  95
13  5      0.00      0.00                       IGRF2010  96
13  6      0.00      0.00                       IGRF2010  97
13  7      0.00      0.00                       IGRF2010  98
13  8      0.00      0.00                       IGRF2010  99
13  9      0.00      0.00                       IGRF2010 100
13 10      0.00      0.00                       IGRF2010 101
13 11      0.00      0.00                       IGRF2010 102
13 12      0.00      0.00                       IGRF2010 103
13 13      0.00      0.00                       IGRF2010 104
